# X Y
3 184
3 440
3 559
3 815
5 12
5 187
5 212
5 387
5 412
5 587
5 612
5 787
5 812
5 987
7 224
7 400
7 599
7 775
9 204
9 420
9 579
9 795
13 19
13 355
13 644
13 980
17 179
17 195
17 804
17 820
19 15
19 359
19 640
19 984
23 304
23 320
23 679
23 695
27 159
27 215
27 784
27 840
29 35
29 339
29 660
29 964
33 164
33 460
33 539
33 835
37 164
37 460
37 539
37 835
39 144
39 480
39 519
39 855
43 224
43 400
43 599
43 775
47 55
47 319
47 680
47 944
49 100
49 475
49 524
49 899
53 140
53 484
53 515
53 859
57 124
57 499
57 500
57 875
59 104
59 479
59 520
59 895
63 55
63 319
63 680
63 944
67 79
67 295
67 704
67 920
69 115
69 259
69 740
69 884
73 20
73 395
73 604
73 979
77 59
77 315
77 684
77 940
79 135
79 239
79 760
79 864
83 160
83 464
83 535
83 839
87 64
87 439
87 560
87 935
89 44
89 419
89 580
89 955
93 100
93 475
93 524
93 899
97 155
97 219
97 780
97 844
99 200
99 424
99 575
99 799
103 159
103 215
103 784
103 840
105 27
105 52
105 147
105 172
105 227
105 252
105 347
105 372
105 427
105 452
105 547
105 572
105 627
105 652
105 747
105 772
105 827
105 852
105 947
105 972
107 24
107 399
107 600
107 975
109 4
109 379
109 620
109 995
113 244
113 380
113 619
113 755
117 20
117 395
117 604
117 979
119 159
119 215
119 784
119 840
123 95
123 279
123 720
123 904
127 40
127 415
127 584
127 959
129 139
129 235
129 764
129 860
133 139
133 235
133 764
133 860
137 35
137 339
137 660
137 964
139 55
139 319
139 680
139 944
143 175
143 199
143 800
143 824
147 119
147 255
147 744
147 880
149 300
149 324
149 675
149 699
153 84
153 459
153 540
153 915
155 7
155 32
155 167
155 192
155 207
155 232
155 367
155 392
155 407
155 432
155 567
155 592
155 607
155 632
155 767
155 792
155 807
155 832
155 967
155 992
157 75
157 299
157 700
157 924
159 95
159 279
159 720
159 904
163 80
163 455
163 544
163 919
167 120
167 495
167 504
167 879
169 59
169 315
169 684
169 940
173 204
173 420
173 579
173 795
177 140
177 484
177 515
177 859
179 39
179 335
179 664
179 960
183 64
183 439
183 560
183 935
187 135
187 239
187 760
187 864
189 155
189 219
189 780
189 844
193 124
193 499
193 500
193 875
197 19
197 355
197 644
197 980
199 224
199 400
199 599
199 775
203 240
203 384
203 615
203 759
207 175
207 199
207 800
207 824
209 179
209 195
209 804
209 820
213 155
213 219
213 780
213 844
217 220
217 404
217 595
217 779
219 40
219 415
219 584
219 959
223 120
223 495
223 504
223 879
227 240
227 384
227 615
227 759
229 60
229 435
229 564
229 939
233 260
233 364
233 635
233 739
237 139
237 235
237 764
237 860
239 119
239 255
239 744
239 880
243 200
243 424
243 575
243 799
247 80
247 455
247 544
247 919
249 124
249 499
249 500
249 875
253 59
253 315
253 684
253 940
255 87
255 112
255 287
255 312
255 487
255 512
255 687
255 712
255 887
255 912
257 99
257 275
257 724
257 900
259 79
259 295
259 704
259 920
263 144
263 480
263 519
263 855
267 304
267 320
267 679
267 695
269 140
269 484
269 515
269 859
273 179
273 195
273 804
273 820
277 284
277 340
277 659
277 715
279 160
279 464
279 535
279 839
283 39
283 335
283 664
283 960
287 39
287 335
287 664
287 960
289 19
289 355
289 644
289 980
293 99
293 275
293 724
293 900
297 180
297 444
297 555
297 819
299 24
299 399
299 600
299 975
303 15
303 359
303 640
303 984
307 0
307 375
307 624
307 999
309 20
309 395
309 604
309 979
313 180
313 444
313 555
313 819
317 204
317 420
317 579
317 795
319 240
319 384
319 615
319 759
323 104
323 479
323 520
323 895
327 184
327 440
327 559
327 815
329 260
329 364
329 635
329 739
333 35
333 339
333 660
333 964
337 60
337 435
337 564
337 939
339 80
339 455
339 544
339 919
343 24
343 399
343 600
343 975
347 280
347 344
347 655
347 719
349 75
349 299
349 700
349 924
353 284
353 340
353 659
353 715
355 47
355 72
355 127
355 152
355 247
355 272
355 327
355 352
355 447
355 472
355 527
355 552
355 647
355 672
355 727
355 752
355 847
355 872
355 927
355 952
357 100
357 475
357 524
357 899
359 120
359 495
359 504
359 879
363 119
363 255
363 744
363 880
367 104
367 479
367 520
367 895
369 284
369 340
369 659
369 715
373 220
373 404
373 595
373 779
377 84
377 459
377 540
377 915
379 264
379 360
379 639
379 735
383 264
383 360
383 639
383 735
387 160
387 464
387 535
387 839
389 180
389 444
389 555
389 819
393 300
393 324
393 675
393 699
397 244
397 380
397 619
397 755
399 175
399 199
399 800
399 824
403 40
403 415
403 584
403 959
405 67
405 92
405 107
405 132
405 267
405 292
405 307
405 332
405 467
405 492
405 507
405 532
405 667
405 692
405 707
405 732
405 867
405 892
405 907
405 932
407 200
407 424
407 575
407 799
409 220
409 404
409 595
409 779
413 44
413 419
413 580
413 955
417 4
417 379
417 620
417 995
419 184
419 440
419 559
419 815
423 79
423 295
423 704
423 920
427 15
427 359
427 640
427 984
429 164
429 460
429 539
429 835
433 60
433 435
433 564
433 939
437 260
437 364
437 635
437 739
439 280
439 344
439 655
439 719
443 0
443 375
443 624
443 999
447 144
447 480
447 519
447 855
449 99
449 275
449 724
449 900
453 115
453 259
453 740
453 884
457 300
457 324
457 675
457 699
459 304
459 320
459 679
459 695
463 280
463 344
463 655
463 719
467 95
467 279
467 720
467 904
469 84
469 459
469 540
469 915
473 4
473 379
473 620
473 995
477 115
477 259
477 740
477 884
479 64
479 439
479 560
479 935
483 135
483 239
483 760
483 864
487 264
487 360
487 639
487 735
489 244
489 380
489 619
489 755
493 75
493 299
493 700
493 924
497 44
497 419
497 580
497 955
499 0
499 375
499 624
499 999
503 184
503 440
503 559
503 815
505 12
505 187
505 212
505 387
505 412
505 587
505 612
505 787
505 812
505 987
507 224
507 400
507 599
507 775
509 204
509 420
509 579
509 795
513 19
513 355
513 644
513 980
517 179
517 195
517 804
517 820
519 15
519 359
519 640
519 984
523 304
523 320
523 679
523 695
527 159
527 215
527 784
527 840
529 35
529 339
529 660
529 964
533 164
533 460
533 539
533 835
537 164
537 460
537 539
537 835
539 144
539 480
539 519
539 855
543 224
543 400
543 599
543 775
547 55
547 319
547 680
547 944
549 100
549 475
549 524
549 899
553 140
553 484
553 515
553 859
557 124
557 499
557 500
557 875
559 104
559 479
559 520
559 895
563 55
563 319
563 680
563 944
567 79
567 295
567 704
567 920
569 115
569 259
569 740
569 884
573 20
573 395
573 604
573 979
577 59
577 315
577 684
577 940
579 135
579 239
579 760
579 864
583 160
583 464
583 535
583 839
587 64
587 439
587 560
587 935
589 44
589 419
589 580
589 955
593 100
593 475
593 524
593 899
597 155
597 219
597 780
597 844
599 200
599 424
599 575
599 799
603 159
603 215
603 784
603 840
605 27
605 52
605 147
605 172
605 227
605 252
605 347
605 372
605 427
605 452
605 547
605 572
605 627
605 652
605 747
605 772
605 827
605 852
605 947
605 972
607 24
607 399
607 600
607 975
609 4
609 379
609 620
609 995
613 244
613 380
613 619
613 755
617 20
617 395
617 604
617 979
619 159
619 215
619 784
619 840
623 95
623 279
623 720
623 904
627 40
627 415
627 584
627 959
629 139
629 235
629 764
629 860
633 139
633 235
633 764
633 860
637 35
637 339
637 660
637 964
639 55
639 319
639 680
639 944
643 175
643 199
643 800
643 824
647 119
647 255
647 744
647 880
649 300
649 324
649 675
649 699
653 84
653 459
653 540
653 915
655 7
655 32
655 167
655 192
655 207
655 232
655 367
655 392
655 407
655 432
655 567
655 592
655 607
655 632
655 767
655 792
655 807
655 832
655 967
655 992
657 75
657 299
657 700
657 924
659 95
659 279
659 720
659 904
663 80
663 455
663 544
663 919
667 120
667 495
667 504
667 879
669 59
669 315
669 684
669 940
673 204
673 420
673 579
673 795
677 140
677 484
677 515
677 859
679 39
679 335
679 664
679 960
683 64
683 439
683 560
683 935
687 135
687 239
687 760
687 864
689 155
689 219
689 780
689 844
693 124
693 499
693 500
693 875
697 19
697 355
697 644
697 980
699 224
699 400
699 599
699 775
703 240
703 384
703 615
703 759
707 175
707 199
707 800
707 824
709 179
709 195
709 804
709 820
713 155
713 219
713 780
713 844
717 220
717 404
717 595
717 779
719 40
719 415
719 584
719 959
723 120
723 495
723 504
723 879
727 240
727 384
727 615
727 759
729 60
729 435
729 564
729 939
733 260
733 364
733 635
733 739
737 139
737 235
737 764
737 860
739 119
739 255
739 744
739 880
743 200
743 424
743 575
743 799
747 80
747 455
747 544
747 919
749 124
749 499
749 500
749 875
753 59
753 315
753 684
753 940
755 87
755 112
755 287
755 312
755 487
755 512
755 687
755 712
755 887
755 912
757 99
757 275
757 724
757 900
759 79
759 295
759 704
759 920
763 144
763 480
763 519
763 855
767 304
767 320
767 679
767 695
769 140
769 484
769 515
769 859
773 179
773 195
773 804
773 820
777 284
777 340
777 659
777 715
779 160
779 464
779 535
779 839
783 39
783 335
783 664
783 960
787 39
787 335
787 664
787 960
789 19
789 355
789 644
789 980
793 99
793 275
793 724
793 900
797 180
797 444
797 555
797 819
799 24
799 399
799 600
799 975
803 15
803 359
803 640
803 984
807 0
807 375
807 624
807 999
809 20
809 395
809 604
809 979
813 180
813 444
813 555
813 819
817 204
817 420
817 579
817 795
819 240
819 384
819 615
819 759
823 104
823 479
823 520
823 895
827 184
827 440
827 559
827 815
829 260
829 364
829 635
829 739
833 35
833 339
833 660
833 964
837 60
837 435
837 564
837 939
839 80
839 455
839 544
839 919
843 24
843 399
843 600
843 975
847 280
847 344
847 655
847 719
849 75
849 299
849 700
849 924
853 284
853 340
853 659
853 715
855 47
855 72
855 127
855 152
855 247
855 272
855 327
855 352
855 447
855 472
855 527
855 552
855 647
855 672
855 727
855 752
855 847
855 872
855 927
855 952
857 100
857 475
857 524
857 899
859 120
859 495
859 504
859 879
863 119
863 255
863 744
863 880
867 104
867 479
867 520
867 895
869 284
869 340
869 659
869 715
873 220
873 404
873 595
873 779
877 84
877 459
877 540
877 915
879 264
879 360
879 639
879 735
883 264
883 360
883 639
883 735
887 160
887 464
887 535
887 839
889 180
889 444
889 555
889 819
893 300
893 324
893 675
893 699
897 244
897 380
897 619
897 755
899 175
899 199
899 800
899 824
903 40
903 415
903 584
903 959
905 67
905 92
905 107
905 132
905 267
905 292
905 307
905 332
905 467
905 492
905 507
905 532
905 667
905 692
905 707
905 732
905 867
905 892
905 907
905 932
907 200
907 424
907 575
907 799
909 220
909 404
909 595
909 779
913 44
913 419
913 580
913 955
917 4
917 379
917 620
917 995
919 184
919 440
919 559
919 815
923 79
923 295
923 704
923 920
927 15
927 359
927 640
927 984
929 164
929 460
929 539
929 835
933 60
933 435
933 564
933 939
937 260
937 364
937 635
937 739
939 280
939 344
939 655
939 719
943 0
943 375
943 624
943 999
947 144
947 480
947 519
947 855
949 99
949 275
949 724
949 900
953 115
953 259
953 740
953 884
957 300
957 324
957 675
957 699
959 304
959 320
959 679
959 695
963 280
963 344
963 655
963 719
967 95
967 279
967 720
967 904
969 84
969 459
969 540
969 915
973 4
973 379
973 620
973 995
977 115
977 259
977 740
977 884
979 64
979 439
979 560
979 935
983 135
983 239
983 760
983 864
987 264
987 360
987 639
987 735
989 244
989 380
989 619
989 755
993 75
993 299
993 700
993 924
997 44
997 419
997 580
997 955
999 0
999 375
999 624
999 999
